HR: 65750.0
MARKETING: 57000.0
IT: 52120.0
EXECUTIVE: 90000.0
SALES: 65714.28571428571
FINANCE: 74909.09090909091
